-4.705005760117090818e-01,-9.439675496995275639e-01,-6.754205316627154287e-01,-1.050148491339925272e+00,-1.095021349134315675e-01,-1.223008345568250554e+00,-3.377026088203983339e-02,-1.377298813515760223e+00,0.000000000000000000e+00
-4.522727937121135411e-01,-9.483859229782354294e-01,-6.736524959457875772e-01,-1.048923617738559244e+00,-1.095021349134315675e-01,-1.223008345568250554e+00,-3.377026088203983339e-02,-1.377298813515760223e+00,0.000000000000000000e+00
-8.162732000508065022e-01,-9.423550979158109575e-01,-9.931597062511281493e-01,-1.051406734872441406e+00,-1.095021349134315675e-01,-1.223008345568250554e+00,-3.377026088203983339e-02,-1.377298813515760223e+00,0.000000000000000000e+00
-4.362557749341425817e-01,-9.269296217685036865e-01,-6.339322461985217316e-01,-1.049756986391146452e+00,-1.095021349134315675e-01,-1.223008345568250554e+00,-3.377026088203983339e-02,-1.377298813515760223e+00,0.000000000000000000e+00
-5.472702279747129195e-01,-9.503574501997831270e-01,-8.766354833070248986e-01,-1.051935035310909150e+00,8.883042209273200873e-01,-1.086940991314190752e+00,1.151295936101497608e+00,1.386347502074167584e-02,0.000000000000000000e+00
-5.499239787820875414e-02,-9.592133022363843464e-01,7.594871903116370282e-01,-1.049369519537835416e+00,8.995558713613535096e-01,-1.086481892319396847e+00,1.207221171722225650e+00,4.771967093559441320e-02,0.000000000000000000e+00
-2.398965829581979070e-01,-9.528770101316652585e-01,3.254619282246367096e-01,-1.049137600142024285e+00,9.108075217953867098e-01,-1.086022793324602498e+00,1.263146407342953692e+00,8.157586685044737607e-02,0.000000000000000000e+00
-4.248007680381870599e-01,-9.465407180269461707e-01,-1.085633338623635952e-01,-1.048905680746212932e+00,8.194731954362524107e-01,-1.089792878053930103e+00,8.124079479990228281e-01,-1.891218291578154465e-01,0.000000000000000000e+00
-6.097049536274268267e-01,-9.402044259037173335e-01,-5.425885970906474398e-01,-1.048673761350401801e+00,7.276940287221569381e-01,-1.093581320155916803e+00,3.594734666345921759e-01,-4.611392213996928224e-01,0.000000000000000000e+00
-6.057925202196949854e-01,-9.272381103620992437e-01,-8.795056513601330339e-01,-1.051407629688386303e+00,5.474759260393335936e-01,-1.101020008572083153e+00,-5.302416679192474280e-01,-9.959925628947632337e-01,0.000000000000000000e+00
-1.450906090174153285e-01,-9.158343198030539645e-01,-6.747231987007774601e-01,-1.047690777287544117e+00,3.674262931333784898e-01,-1.108451743561519320e+00,-1.419125019228671070e+00,-1.530345789819650193e+00,0.000000000000000000e+00
-6.342520108488713948e-01,-9.043554613745730109e-01,-8.814590767308131403e-01,-1.051032236448026014e+00,6.082146015686215046e-01,-1.098513802735757716e+00,-2.302123013221238634e-01,-8.154114000236578619e-01,0.000000000000000000e+00
-5.042130311216641569e-01,-9.343643081089081370e-01,-7.060871314317529457e-01,-1.048660569343055293e+00,8.490029100038645193e-01,-1.088575861909996334e+00,9.587004165844232872e-01,-1.004770103275040849e-01,0.000000000000000000e+00
-5.961437838339993522e-01,-9.607841341450690242e-01,-9.274084004010130222e-01,-1.051394726788941192e+00,8.157622449504320361e-01,-1.089948298914215075e+00,7.946543312330608400e-01,-1.990248019684942582e-01,0.000000000000000000e+00
-4.223227505409939408e-01,-9.321631858035381857e-01,-1.501045379130435675e+00,-1.050091090303068020e+00,7.824118806476331178e-01,-1.091325263686640401e+00,6.300666295730018573e-01,-2.978982466994246070e-01,0.000000000000000000e+00
-2.485017167387379433e-01,-9.035422373817973973e-01,-2.074682359685911859e+00,-1.048787453691659710e+00,7.058253409278695267e-01,-1.094486691034694648e+00,2.519539538605340967e-01,-5.252415219686014103e-01,0.000000000000000000e+00
-8.410281902183553981e-01,-9.542926759011781668e-01,-1.247832556765521739e+00,-1.051631493229988168e+00,6.296020850086945231e-01,-1.097633123301200220e+00,-1.243652283824871890e-01,-7.515066171510369486e-01,0.000000000000000000e+00
-7.169768782340445457e-01,-9.491347768541087415e-01,-1.060983470157274455e+00,-1.050626344646479637e+00,8.042273730532123466e-01,-1.090426381763328845e+00,7.377905804900143361e-01,-2.332145686696667219e-01,0.000000000000000000e+00
-5.929255662229312440e-01,-9.439768778070392052e-01,-8.741343833207706471e-01,-1.049621196062971329e+00,9.788526610640989611e-01,-1.083219640225457692e+00,1.599946389362515875e+00,2.850774798117033382e-01,0.000000000000000000e+00
-4.688742542386205026e-01,-9.388189787599696690e-01,-6.872852967125234747e-01,-1.048616047479462798e+00,8.386575689717430393e-01,-1.089016225886358935e+00,9.082079083043629320e-01,-1.308360130153808643e-01,0.000000000000000000e+00
-5.252243494534877266e-01,-9.270264612327241416e-01,-7.426812615584094113e-01,-1.049823177287379838e+00,6.984624768793871175e-01,-1.094812811547260401e+00,2.164694272462099334e-01,-5.467495057426262628e-01,0.000000000000000000e+00
-5.815744446683550617e-01,-9.152339437054786142e-01,-7.980772261760388231e-01,-1.051030307220832016e+00,7.200316081220945463e-01,-1.093932366959345481e+00,3.233363711910884897e-01,-4.825855656503185709e-01,0.000000000000000000e+00
-6.527666957571477413e-01,-9.195273840057153203e-01,-9.284168897318905156e-01,-1.051757978125122062e+00,7.413163626908585435e-01,-1.093066168972828267e+00,4.289096647721905575e-01,-4.191985692708070643e-01,0.000000000000000000e+00
-7.239589466315189403e-01,-9.238208242951544413e-01,-1.058756553059485572e+00,-1.052485649154947689e+00,3.675694832707063209e-01,-1.110569576868320807e+00,-1.324874734482241800e+00,-1.472766101904960045e+00,0.000000000000000000e+00
-7.951511975058902504e-01,-9.281142645830510185e-01,-1.189096216158823882e+00,-1.053213320059237512e+00,-5.902145031752737726e-03,-1.128060668706038383e+00,-3.077335811016830736e+00,-2.525537912193040135e+00,0.000000000000000000e+00
-1.749633074376433228e-01,-9.439691575320816597e-01,-1.183664056073517656e+00,-1.050960124175067678e+00,3.082041761942280189e-01,-1.114786212486428951e+00,-1.524132940815732029e+00,-1.590593469154514272e+00,0.000000000000000000e+00
-3.159217273239161572e-01,-9.448779832783256172e-01,-4.576537989549024910e-01,-1.049482218517902021e+00,6.223104974202088302e-01,-1.101511756266819519e+00,2.906992955141622648e-02,-6.556490260161501604e-01,0.000000000000000000e+00
-5.685849945231671310e-01,-9.610349199013498156e-01,-8.812269250352857686e-01,-1.052208240394634009e+00,5.799482422537578508e-01,-1.102817905699651657e+00,-1.832588725825486653e-01,-7.822451432158001872e-01,0.000000000000000000e+00
-7.643706804263162846e-01,-9.333175005985372419e-01,-1.135133236290668979e+00,-1.052060844574812304e+00,5.374432856839369554e-01,-1.104129892038923977e+00,-3.962944518530371885e-01,-9.092662162240471302e-01,0.000000000000000000e+00
-4.006753945494484492e-01,-9.275668398473292386e-01,-8.896743280812324794e-02,-1.050358042345684195e+00,4.416440721697891814e-01,-1.107607519407729946e+00,-8.736191911278060607e-01,-1.195190375983851139e+00,0.000000000000000000e+00
-5.252243494534877266e-01,-9.270264612327241416e-01,-7.426812615584094113e-01,-1.049823177287379838e+00,6.984624768793871175e-01,-1.094812811547260401e+00,2.164694272462099334e-01,-5.467495057426262628e-01,0.000000000000000000e+00
-5.815744446683550617e-01,-9.152339437054786142e-01,-7.980772261760388231e-01,-1.051030307220832016e+00,7.200316081220945463e-01,-1.093932366959345481e+00,3.233363711910884897e-01,-4.825855656503185709e-01,0.000000000000000000e+00
-6.527666957571477413e-01,-9.195273840057153203e-01,-9.284168897318905156e-01,-1.051757978125122062e+00,7.413163626908585435e-01,-1.093066168972828267e+00,4.289096647721905575e-01,-4.191985692708070643e-01,0.000000000000000000e+00
-7.239589466315189403e-01,-9.238208242951544413e-01,-1.058756553059485572e+00,-1.052485649154947689e+00,3.675694832707063209e-01,-1.110569576868320807e+00,-1.324874734482241800e+00,-1.472766101904960045e+00,0.000000000000000000e+00
-7.951511975058902504e-01,-9.281142645830510185e-01,-1.189096216158823882e+00,-1.053213320059237512e+00,-5.902145031752737726e-03,-1.128060668706038383e+00,-3.077335811016830736e+00,-2.525537912193040135e+00,0.000000000000000000e+00
-1.749633074376433228e-01,-9.439691575320816597e-01,-1.183664056073517656e+00,-1.050960124175067678e+00,3.082041761942280189e-01,-1.114786212486428951e+00,-1.524132940815732029e+00,-1.590593469154514272e+00,0.000000000000000000e+00
-3.159217273239161572e-01,-9.448779832783256172e-01,-4.576537989549024910e-01,-1.049482218517902021e+00,6.223104974202088302e-01,-1.101511756266819519e+00,2.906992955141622648e-02,-6.556490260161501604e-01,0.000000000000000000e+00
-5.685849945231671310e-01,-9.610349199013498156e-01,-8.812269250352857686e-01,-1.052208240394634009e+00,5.799482422537578508e-01,-1.102817905699651657e+00,-1.832588725825486653e-01,-7.822451432158001872e-01,0.000000000000000000e+00
-7.643706804263162846e-01,-9.333175005985372419e-01,-1.135133236290668979e+00,-1.052060844574812304e+00,5.374432856839369554e-01,-1.104129892038923977e+00,-3.962944518530371885e-01,-9.092662162240471302e-01,0.000000000000000000e+00
-4.006753945494484492e-01,-9.275668398473292386e-01,-8.896743280812324794e-02,-1.050358042345684195e+00,4.416440721697891814e-01,-1.107607519407729946e+00,-8.736191911278060607e-01,-1.195190375983851139e+00,0.000000000000000000e+00
-3.698010969108195267e-02,-9.218161791115460080e-01,9.571983677070849961e-01,-1.048655240116556309e+00,3.461781946876746341e-01,-1.111072673382087039e+00,-1.349287488095396226e+00,-1.480121578643751379e+00,0.000000000000000000e+00
-4.333001713817538625e-01,-9.548575770156034759e-01,-6.511142333456356734e-01,-1.049449008393247063e+00,4.121386786411119219e-01,-1.107866635466018046e+00,-1.028035736135656242e+00,-1.285898048595811582e+00,0.000000000000000000e+00
-3.865864392353910439e-01,-9.506668369746426039e-01,-5.709828760758787203e-01,-1.048783464806047672e+00,4.780991625945491541e-01,-1.104660597549949497e+00,-7.067839840098666393e-01,-1.091674518547872008e+00,0.000000000000000000e+00
-3.398727070890281143e-01,-9.464760969336816210e-01,-4.908515185778649093e-01,-1.048117921218848059e+00,4.658732835363325053e-01,-1.104680670630399986e+00,-7.713266082714170802e-01,-1.129413119767451512e+00,0.000000000000000000e+00
-3.196050425555340135e-01,-9.576726650123918994e-01,-4.671678479929417538e-01,-1.049739182089660883e+00,4.536474044781159121e-01,-1.104700743710850697e+00,-8.358692326990168064e-01,-1.167151720887192656e+00,0.000000000000000000e+00
-4.556760155525931832e-01,-9.382531333174419785e-01,-6.640018774866406348e-01,-1.050578138571559350e+00,5.977194998668363679e-01,-1.098195364004049379e+00,-1.152004688264193361e-01,-7.317084053234458318e-01,0.000000000000000000e+00
-3.742575821740813380e-01,-9.263125173825037528e-01,-5.257813113863062382e-01,-1.048637431797939445e+00,7.420979259449902443e-01,-1.091675814153642010e+00,6.070027068499588285e-01,-2.953369562343000077e-01,0.000000000000000000e+00
-4.654250746691752094e-01,-9.490306379956332528e-01,-6.842585064286955676e-01,-1.049427330070990649e+00,7.007261528672987794e-01,-1.092906683149883706e+00,3.995435746246207009e-01,-4.190055936296117611e-01,0.000000000000000000e+00
-5.045501233592003532e-01,-9.441254113635179079e-01,-7.650259848267779716e-01,-1.049792767605218557e+00,6.593597305385738849e-01,-1.094137975127158047e+00,1.920776662570837512e-01,-5.426833390963606840e-01,0.000000000000000000e+00
-5.436751720224229922e-01,-9.392201847329449960e-01,-8.457934632248603757e-01,-1.050158205264981603e+00,6.313595262127758012e-01,-1.096425875065252464e+00,-3.231544915527166661e-02,-6.891132779393570607e-01,0.000000000000000000e+00
-7.006672753520629682e-01,-9.424558542127043914e-01,-1.085512335213577373e+00,-1.052307151074461711e+00,6.033593218869776065e-01,-1.098713775004735105e+00,-2.567085647336764809e-01,-8.355432167823534373e-01,0.000000000000000000e+00
-8.576593786817030551e-01,-9.456915236924638979e-01,-1.325231206974037512e+00,-1.054456096883941596e+00,7.433342461248320099e-01,-1.092939564907211336e+00,4.344704078653630064e-01,-4.199707397024241562e-01,0.000000000000000000e+00
-1.014651482011343253e+00,-9.489271931722234044e-01,-1.564950078962754398e+00,-1.056605042693421703e+00,8.833764141285300742e-01,-1.087162127386118726e+00,1.126015902042433403e+00,-4.173281836470028698e-03,0.000000000000000000e+00
-5.536880553917030712e-01,-9.486071213642485178e-01,-8.370566091544222598e-01,-1.049448000218885069e+00,9.472741561552472378e-01,-1.084528028884231166e+00,1.441638484127234943e+00,1.855974105466907387e-01,0.000000000000000000e+00
-5.567923383230451995e-01,-9.001299542895820904e-01,-7.603130016435257765e-01,-1.053674215674678116e+00,1.010793803845628336e+00,-1.081909521442113276e+00,1.755393752511628991e+00,3.742454942880418245e-01,0.000000000000000000e+00
-3.894306260041938139e-01,-9.147638655107646066e-01,-1.327624205489396081e+00,-1.051164140201895858e+00,9.393112635523016563e-01,-1.084855511059247712e+00,1.402370139152150585e+00,1.621485669159714038e-01,0.000000000000000000e+00
-2.220689136585397017e-01,-9.293977767334895557e-01,-1.894935409107009860e+00,-1.048654064729113822e+00,8.678287232926065187e-01,-1.087801500676381705e+00,1.049346525626623006e+00,-4.994836045609924585e-02,0.000000000000000000e+00
-8.186034344770322102e-01,-9.381749729758458445e-01,-1.228408283767215448e+00,-1.053168057662640322e+00,9.738159907604271304e-01,-1.083435899728070417e+00,1.573026935048054353e+00,2.649188243535758880e-01,0.000000000000000000e+00
-6.703215604633302460e-01,-9.389829290625723024e-01,-9.985537264641067834e-01,-1.051662811662517516e+00,1.079803258194616200e+00,-1.079070298779758907e+00,2.096707344469485701e+00,5.797860091632509594e-01,0.000000000000000000e+00
-5.220396864764310640e-01,-9.397908851492988713e-01,-7.686991691609981192e-01,-1.050157565536859572e+00,7.429245031706112057e-01,-1.092975673946522175e+00,4.334845912587438344e-01,-4.202404508554603013e-01,0.000000000000000000e+00
-3.698010969108195267e-02,-9.218161791115460080e-01,9.571983677070849961e-01,-1.048655240116556309e+00,3.461781946876746341e-01,-1.111072673382087039e+00,-1.349287488095396226e+00,-1.480121578643751379e+00,0.000000000000000000e+00
-4.333001713817538625e-01,-9.548575770156034759e-01,-6.511142333456356734e-01,-1.049449008393247063e+00,4.121386786411119219e-01,-1.107866635466018046e+00,-1.028035736135656242e+00,-1.285898048595811582e+00,0.000000000000000000e+00
-3.865864392353910439e-01,-9.506668369746426039e-01,-5.709828760758787203e-01,-1.048783464806047672e+00,4.780991625945491541e-01,-1.104660597549949497e+00,-7.067839840098666393e-01,-1.091674518547872008e+00,0.000000000000000000e+00
-3.398727070890281143e-01,-9.464760969336816210e-01,-4.908515185778649093e-01,-1.048117921218848059e+00,4.658732835363325053e-01,-1.104680670630399986e+00,-7.713266082714170802e-01,-1.129413119767451512e+00,0.000000000000000000e+00
-3.196050425555340135e-01,-9.576726650123918994e-01,-4.671678479929417538e-01,-1.049739182089660883e+00,4.536474044781159121e-01,-1.104700743710850697e+00,-8.358692326990168064e-01,-1.167151720887192656e+00,0.000000000000000000e+00
-4.556760155525931832e-01,-9.382531333174419785e-01,-6.640018774866406348e-01,-1.050578138571559350e+00,5.977194998668363679e-01,-1.098195364004049379e+00,-1.152004688264193361e-01,-7.317084053234458318e-01,0.000000000000000000e+00
-3.742575821740813380e-01,-9.263125173825037528e-01,-5.257813113863062382e-01,-1.048637431797939445e+00,7.420979259449902443e-01,-1.091675814153642010e+00,6.070027068499588285e-01,-2.953369562343000077e-01,0.000000000000000000e+00
-4.654250746691752094e-01,-9.490306379956332528e-01,-6.842585064286955676e-01,-1.049427330070990649e+00,7.007261528672987794e-01,-1.092906683149883706e+00,3.995435746246207009e-01,-4.190055936296117611e-01,0.000000000000000000e+00
-5.045501233592003532e-01,-9.441254113635179079e-01,-7.650259848267779716e-01,-1.049792767605218557e+00,6.593597305385738849e-01,-1.094137975127158047e+00,1.920776662570837512e-01,-5.426833390963606840e-01,0.000000000000000000e+00
-5.436751720224229922e-01,-9.392201847329449960e-01,-8.457934632248603757e-01,-1.050158205264981603e+00,6.313595262127758012e-01,-1.096425875065252464e+00,-3.231544915527166661e-02,-6.891132779393570607e-01,0.000000000000000000e+00
-7.006672753520629682e-01,-9.424558542127043914e-01,-1.085512335213577373e+00,-1.052307151074461711e+00,6.033593218869776065e-01,-1.098713775004735105e+00,-2.567085647336764809e-01,-8.355432167823534373e-01,0.000000000000000000e+00
-8.576593786817030551e-01,-9.456915236924638979e-01,-1.325231206974037512e+00,-1.054456096883941596e+00,7.433342461248320099e-01,-1.092939564907211336e+00,4.344704078653630064e-01,-4.199707397024241562e-01,0.000000000000000000e+00
-1.014651482011343253e+00,-9.489271931722234044e-01,-1.564950078962754398e+00,-1.056605042693421703e+00,8.833764141285300742e-01,-1.087162127386118726e+00,1.126015902042433403e+00,-4.173281836470028698e-03,0.000000000000000000e+00
-5.536880553917030712e-01,-9.486071213642485178e-01,-8.370566091544222598e-01,-1.049448000218885069e+00,9.472741561552472378e-01,-1.084528028884231166e+00,1.441638484127234943e+00,1.855974105466907387e-01,0.000000000000000000e+00
-5.567923383230451995e-01,-9.001299542895820904e-01,-7.603130016435257765e-01,-1.053674215674678116e+00,1.010793803845628336e+00,-1.081909521442113276e+00,1.755393752511628991e+00,3.742454942880418245e-01,0.000000000000000000e+00
-3.894306260041938139e-01,-9.147638655107646066e-01,-1.327624205489396081e+00,-1.051164140201895858e+00,9.393112635523016563e-01,-1.084855511059247712e+00,1.402370139152150585e+00,1.621485669159714038e-01,0.000000000000000000e+00
-2.220689136585397017e-01,-9.293977767334895557e-01,-1.894935409107009860e+00,-1.048654064729113822e+00,8.678287232926065187e-01,-1.087801500676381705e+00,1.049346525626623006e+00,-4.994836045609924585e-02,0.000000000000000000e+00
-8.186034344770322102e-01,-9.381749729758458445e-01,-1.228408283767215448e+00,-1.053168057662640322e+00,9.738159907604271304e-01,-1.083435899728070417e+00,1.573026935048054353e+00,2.649188243535758880e-01,0.000000000000000000e+00
-6.703215604633302460e-01,-9.389829290625723024e-01,-9.985537264641067834e-01,-1.051662811662517516e+00,1.079803258194616200e+00,-1.079070298779758907e+00,2.096707344469485701e+00,5.797860091632509594e-01,0.000000000000000000e+00
-5.220396864764310640e-01,-9.397908851492988713e-01,-7.686991691609981192e-01,-1.050157565536859572e+00,7.429245031706112057e-01,-1.092975673946522175e+00,4.334845912587438344e-01,-4.202404508554603013e-01,0.000000000000000000e+00
-3.737578120606890875e-01,-9.405988412391103060e-01,-5.388446111731193255e-01,-1.048652319536736766e+00,4.050979330839376003e-01,-1.106920165294827507e+00,-1.234417973183396189e+00,-1.423080686148864293e+00,0.000000000000000000e+00
-4.951194241766204707e-01,-9.126325251539760819e-01,-7.088396705783552854e-01,-1.050330998517214010e+00,3.606930835201693775e-01,-1.108753525525861150e+00,-1.453631595824708800e+00,-1.554884692927078982e+00,0.000000000000000000e+00
-4.669406498057599442e-01,-9.128790210250401493e-01,-6.579497454361475928e-01,-1.050977290129320174e+00,3.164023182578675208e-01,-1.110582176986343317e+00,-1.672281953804381383e+00,-1.686350032160885748e+00,0.000000000000000000e+00
-4.387618754348994177e-01,-9.131255168976467607e-01,-6.070598202939400112e-01,-1.051623581741426339e+00,5.570943320117575093e-01,-1.100648308695312272e+00,-4.838956332847276220e-01,-9.718229111749427940e-01,0.000000000000000000e+00
-3.268741767631282991e-01,-9.223072017902623765e-01,-1.189765665964273911e+00,-1.050839003154188100e+00,7.977863457320157892e-01,-1.090714440405669672e+00,7.044906874009758679e-01,-2.572957902888383663e-01,0.000000000000000000e+00
-2.149864781181599072e-01,-9.314888866844205362e-01,-1.772471511406350508e+00,-1.050054424692485222e+00,6.607155142884191257e-01,-1.096372502902938528e+00,2.785406152233082036e-02,-6.639721218286910309e-01,0.000000000000000000e+00
-3.145967101437595059e-01,-9.306742103087052298e-01,-1.257336404782361861e+00,-1.049405079056486612e+00,5.234934569149684025e-01,-1.102036807159128218e+00,-6.495291699257843554e-01,-1.071097293354298152e+00,0.000000000000000000e+00
-4.142069424373858166e-01,-9.298595339299049467e-01,-7.422012967888326207e-01,-1.048755733294952863e+00,6.126725149824204797e-01,-1.098356331522389429e+00,-2.093087433465058433e-01,-8.065682860268510446e-01,0.000000000000000000e+00
-5.877184965116534210e-01,-9.320217447155392243e-01,-9.353074251597462974e-01,-1.051257407314718950e+00,7.016773461874230566e-01,-1.094683045896921225e+00,2.300516211185019422e-01,-5.425560838793840324e-01,0.000000000000000000e+00
-7.612300505859209698e-01,-9.341839555027160458e-01,-1.128413553530659863e+00,-1.053759081460020175e+00,5.457509540634161160e-01,-1.101119267188773287e+00,-5.396841001931454995e-01,-1.005208954967664603e+00,0.000000000000000000e+00
-7.006672753520629682e-01,-9.424558542127043914e-01,-1.085512335213577373e+00,-1.052307151074461711e+00,6.033593218869776065e-01,-1.098713775004735105e+00,-2.567085647336764809e-01,-8.355432167823534373e-01,0.000000000000000000e+00
-8.576593786817030551e-01,-9.456915236924638979e-01,-1.325231206974037512e+00,-1.054456096883941596e+00,7.433342461248320099e-01,-1.092939564907211336e+00,4.344704078653630064e-01,-4.199707397024241562e-01,0.000000000000000000e+00
-1.014651482011343253e+00,-9.489271931722234044e-01,-1.564950078962754398e+00,-1.056605042693421703e+00,8.833764141285300742e-01,-1.087162127386118726e+00,1.126015902042433403e+00,-4.173281836470028698e-03,0.000000000000000000e+00
-5.536880553917030712e-01,-9.486071213642485178e-01,-8.370566091544222598e-01,-1.049448000218885069e+00,9.472741561552472378e-01,-1.084528028884231166e+00,1.441638484127234943e+00,1.855974105466907387e-01,0.000000000000000000e+00
-5.567923383230451995e-01,-9.001299542895820904e-01,-7.603130016435257765e-01,-1.053674215674678116e+00,1.010793803845628336e+00,-1.081909521442113276e+00,1.755393752511628991e+00,3.742454942880418245e-01,0.000000000000000000e+00
-3.894306260041938139e-01,-9.147638655107646066e-01,-1.327624205489396081e+00,-1.051164140201895858e+00,9.393112635523016563e-01,-1.084855511059247712e+00,1.402370139152150585e+00,1.621485669159714038e-01,0.000000000000000000e+00
-2.220689136585397017e-01,-9.293977767334895557e-01,-1.894935409107009860e+00,-1.048654064729113822e+00,8.678287232926065187e-01,-1.087801500676381705e+00,1.049346525626623006e+00,-4.994836045609924585e-02,0.000000000000000000e+00
-8.186034344770322102e-01,-9.381749729758458445e-01,-1.228408283767215448e+00,-1.053168057662640322e+00,9.738159907604271304e-01,-1.083435899728070417e+00,1.573026935048054353e+00,2.649188243535758880e-01,0.000000000000000000e+00
-6.703215604633302460e-01,-9.389829290625723024e-01,-9.985537264641067834e-01,-1.051662811662517516e+00,1.079803258194616200e+00,-1.079070298779758907e+00,2.096707344469485701e+00,5.797860091632509594e-01,0.000000000000000000e+00
-5.220396864764310640e-01,-9.397908851492988713e-01,-7.686991691609981192e-01,-1.050157565536859572e+00,7.429245031706112057e-01,-1.092975673946522175e+00,4.334845912587438344e-01,-4.202404508554603013e-01,0.000000000000000000e+00
-3.737578120606890875e-01,-9.405988412391103060e-01,-5.388446111731193255e-01,-1.048652319536736766e+00,4.050979330839376003e-01,-1.106920165294827507e+00,-1.234417973183396189e+00,-1.423080686148864293e+00,0.000000000000000000e+00
-4.951194241766204707e-01,-9.126325251539760819e-01,-7.088396705783552854e-01,-1.050330998517214010e+00,3.606930835201693775e-01,-1.108753525525861150e+00,-1.453631595824708800e+00,-1.554884692927078982e+00,0.000000000000000000e+00
-4.669406498057599442e-01,-9.128790210250401493e-01,-6.579497454361475928e-01,-1.050977290129320174e+00,3.164023182578675208e-01,-1.110582176986343317e+00,-1.672281953804381383e+00,-1.686350032160885748e+00,0.000000000000000000e+00
-4.387618754348994177e-01,-9.131255168976467607e-01,-6.070598202939400112e-01,-1.051623581741426339e+00,5.570943320117575093e-01,-1.100648308695312272e+00,-4.838956332847276220e-01,-9.718229111749427940e-01,0.000000000000000000e+00
-3.268741767631282991e-01,-9.223072017902623765e-01,-1.189765665964273911e+00,-1.050839003154188100e+00,7.977863457320157892e-01,-1.090714440405669672e+00,7.044906874009758679e-01,-2.572957902888383663e-01,0.000000000000000000e+00
-2.149864781181599072e-01,-9.314888866844205362e-01,-1.772471511406350508e+00,-1.050054424692485222e+00,6.607155142884191257e-01,-1.096372502902938528e+00,2.785406152233082036e-02,-6.639721218286910309e-01,0.000000000000000000e+00
-3.145967101437595059e-01,-9.306742103087052298e-01,-1.257336404782361861e+00,-1.049405079056486612e+00,5.234934569149684025e-01,-1.102036807159128218e+00,-6.495291699257843554e-01,-1.071097293354298152e+00,0.000000000000000000e+00
-4.142069424373858166e-01,-9.298595339299049467e-01,-7.422012967888326207e-01,-1.048755733294952863e+00,6.126725149824204797e-01,-1.098356331522389429e+00,-2.093087433465058433e-01,-8.065682860268510446e-01,0.000000000000000000e+00
-5.877184965116534210e-01,-9.320217447155392243e-01,-9.353074251597462974e-01,-1.051257407314718950e+00,7.016773461874230566e-01,-1.094683045896921225e+00,2.300516211185019422e-01,-5.425560838793840324e-01,0.000000000000000000e+00
-7.612300505859209698e-01,-9.341839555027160458e-01,-1.128413553530659863e+00,-1.053759081460020175e+00,5.457509540634161160e-01,-1.101119267188773287e+00,-5.396841001931454995e-01,-1.005208954967664603e+00,0.000000000000000000e+00
-2.753263033540606641e-01,-9.448763809432255689e-01,-3.855618637302280494e-01,-1.049026061108552454e+00,3.898245619394090089e-01,-1.107555488480625128e+00,-1.309419821504792969e+00,-1.467861826155783422e+00,0.000000000000000000e+00
-5.444625418550610441e-01,-9.340181003291955220e-01,-7.926681414758682820e-01,-1.051155252173879395e+00,6.710840314399781903e-01,-1.095946810882652667e+00,7.924107603312778580e-02,-6.329179566804470358e-01,0.000000000000000000e+00
-4.275713605532868722e-01,-9.341938781851815143e-01,-6.276140425904651599e-01,-1.051118619328021753e+00,9.523435009069155521e-01,-1.084338133286068206e+00,1.467901973404999172e+00,2.020259127948895173e-01,0.000000000000000000e+00
-8.744225975381678673e-01,-8.836155334547740603e-01,-8.938440794816002732e-01,-1.050466230213100483e+00,9.654965467916014621e-01,-1.083796208963825558e+00,1.532884177475037912e+00,2.410970014635485381e-01,0.000000000000000000e+00
-3.631989372984267272e-01,-9.070944669902766266e-01,-4.913550515388419582e-01,-1.049779725361539295e+00,9.783694279863903720e-01,-1.083265850740882996e+00,1.596483240374282131e+00,2.793364649442287573e-01,0.000000000000000000e+00
-4.169232793322488195e-01,-9.317248545607539345e-01,-5.392601322221454163e-01,-1.050490253033474763e+00,9.066217026048111194e-01,-1.086227425025598547e+00,1.242255187166729336e+00,6.635391310582310076e-02,0.000000000000000000e+00
-4.451454591213104828e-01,-9.147384478653118878e-01,-5.288122025304162754e-01,-1.050048796189721800e+00,8.348344960147598970e-01,-1.089190629196209015e+00,8.878322185808507072e-01,-1.467458331188185305e-01,0.000000000000000000e+00
-6.799084873259476636e-01,-9.391120669609789307e-01,-9.672855887428164490e-01,-1.051914124260686201e+00,6.644231766157566721e-01,-1.096225290196976454e+00,4.651033986719525781e-02,-6.525975829714160126e-01,0.000000000000000000e+00
-6.273645593233290185e-01,-9.297991761307765612e-01,-5.677280933905263227e-01,-1.050698141574649469e+00,4.940118572167531696e-01,-1.103259951197743893e+00,-7.948115390125096713e-01,-1.158449332824013522e+00,0.000000000000000000e+00
-5.860625517073625446e-01,-9.347750843550231004e-01,-8.619217098305699265e-01,-1.051011913907504036e+00,5.001244641632774934e-01,-1.103007475784815172e+00,-7.646398637258744468e-01,-1.140308363188149210e+00,0.000000000000000000e+00
-3.737578120606890875e-01,-9.405988412391103060e-01,-5.388446111731193255e-01,-1.048652319536736766e+00,4.050979330839376003e-01,-1.106920165294827507e+00,-1.234417973183396189e+00,-1.423080686148864293e+00,0.000000000000000000e+00
-4.951194241766204707e-01,-9.126325251539760819e-01,-7.088396705783552854e-01,-1.050330998517214010e+00,3.606930835201693775e-01,-1.108753525525861150e+00,-1.453631595824708800e+00,-1.554884692927078982e+00,0.000000000000000000e+00
-4.669406498057599442e-01,-9.128790210250401493e-01,-6.579497454361475928e-01,-1.050977290129320174e+00,3.164023182578675208e-01,-1.110582176986343317e+00,-1.672281953804381383e+00,-1.686350032160885748e+00,0.000000000000000000e+00
-4.387618754348994177e-01,-9.131255168976467607e-01,-6.070598202939400112e-01,-1.051623581741426339e+00,5.570943320117575093e-01,-1.100648308695312272e+00,-4.838956332847276220e-01,-9.718229111749427940e-01,0.000000000000000000e+00
-3.268741767631282991e-01,-9.223072017902623765e-01,-1.189765665964273911e+00,-1.050839003154188100e+00,7.977863457320157892e-01,-1.090714440405669672e+00,7.044906874009758679e-01,-2.572957902888383663e-01,0.000000000000000000e+00
-2.149864781181599072e-01,-9.314888866844205362e-01,-1.772471511406350508e+00,-1.050054424692485222e+00,6.607155142884191257e-01,-1.096372502902938528e+00,2.785406152233082036e-02,-6.639721218286910309e-01,0.000000000000000000e+00
-3.145967101437595059e-01,-9.306742103087052298e-01,-1.257336404782361861e+00,-1.049405079056486612e+00,5.234934569149684025e-01,-1.102036807159128218e+00,-6.495291699257843554e-01,-1.071097293354298152e+00,0.000000000000000000e+00
-4.142069424373858166e-01,-9.298595339299049467e-01,-7.422012967888326207e-01,-1.048755733294952863e+00,6.126725149824204797e-01,-1.098356331522389429e+00,-2.093087433465058433e-01,-8.065682860268510446e-01,0.000000000000000000e+00
-5.877184965116534210e-01,-9.320217447155392243e-01,-9.353074251597462974e-01,-1.051257407314718950e+00,7.016773461874230566e-01,-1.094683045896921225e+00,2.300516211185019422e-01,-5.425560838793840324e-01,0.000000000000000000e+00
-7.612300505859209698e-01,-9.341839555027160458e-01,-1.128413553530659863e+00,-1.053759081460020175e+00,5.457509540634161160e-01,-1.101119267188773287e+00,-5.396841001931454995e-01,-1.005208954967664603e+00,0.000000000000000000e+00
-2.753263033540606641e-01,-9.448763809432255689e-01,-3.855618637302280494e-01,-1.049026061108552454e+00,3.898245619394090089e-01,-1.107555488480625128e+00,-1.309419821504792969e+00,-1.467861826155783422e+00,0.000000000000000000e+00
-5.444625418550610441e-01,-9.340181003291955220e-01,-7.926681414758682820e-01,-1.051155252173879395e+00,6.710840314399781903e-01,-1.095946810882652667e+00,7.924107603312778580e-02,-6.329179566804470358e-01,0.000000000000000000e+00
-4.275713605532868722e-01,-9.341938781851815143e-01,-6.276140425904651599e-01,-1.051118619328021753e+00,9.523435009069155521e-01,-1.084338133286068206e+00,1.467901973404999172e+00,2.020259127948895173e-01,0.000000000000000000e+00
-8.744225975381678673e-01,-8.836155334547740603e-01,-8.938440794816002732e-01,-1.050466230213100483e+00,9.654965467916014621e-01,-1.083796208963825558e+00,1.532884177475037912e+00,2.410970014635485381e-01,0.000000000000000000e+00
-3.631989372984267272e-01,-9.070944669902766266e-01,-4.913550515388419582e-01,-1.049779725361539295e+00,9.783694279863903720e-01,-1.083265850740882996e+00,1.596483240374282131e+00,2.793364649442287573e-01,0.000000000000000000e+00
-4.169232793322488195e-01,-9.317248545607539345e-01,-5.392601322221454163e-01,-1.050490253033474763e+00,9.066217026048111194e-01,-1.086227425025598547e+00,1.242255187166729336e+00,6.635391310582310076e-02,0.000000000000000000e+00
-4.451454591213104828e-01,-9.147384478653118878e-01,-5.288122025304162754e-01,-1.050048796189721800e+00,8.348344960147598970e-01,-1.089190629196209015e+00,8.878322185808507072e-01,-1.467458331188185305e-01,0.000000000000000000e+00
-6.799084873259476636e-01,-9.391120669609789307e-01,-9.672855887428164490e-01,-1.051914124260686201e+00,6.644231766157566721e-01,-1.096225290196976454e+00,4.651033986719525781e-02,-6.525975829714160126e-01,0.000000000000000000e+00
-6.273645593233290185e-01,-9.297991761307765612e-01,-5.677280933905263227e-01,-1.050698141574649469e+00,4.940118572167531696e-01,-1.103259951197743893e+00,-7.948115390125096713e-01,-1.158449332824013522e+00,0.000000000000000000e+00
-5.860625517073625446e-01,-9.347750843550231004e-01,-8.619217098305699265e-01,-1.051011913907504036e+00,5.001244641632774934e-01,-1.103007475784815172e+00,-7.646398637258744468e-01,-1.140308363188149210e+00,0.000000000000000000e+00
-5.502726312350473270e-01,-9.294200942899388806e-01,-8.014870453926576932e-01,-1.050845125261930857e+00,5.063077371231929913e-01,-1.102752083185305265e+00,-7.341193124283289517e-01,-1.121957628860480671e+00,0.000000000000000000e+00
-5.144827106823242069e-01,-9.240651042109723212e-01,-7.410523807264886020e-01,-1.050678336490822762e+00,5.339264232844235236e-01,-1.101612845262025520e+00,-5.977273666095902493e-01,-1.039950841441973806e+00,0.000000000000000000e+00
-1.729958047605809346e-01,-9.328540736630521746e-01,-1.125707255772247839e+00,-1.050596159421516518e+00,5.615965687055168853e-01,-1.100471482591971473e+00,-4.610813873577658262e-01,-9.577913142173414274e-01,0.000000000000000000e+00
-2.807469626070953628e-01,-9.388197353447714777e-01,-3.896579203494891508e-01,-1.049970151936116425e+00,7.178714203390526016e-01,-1.094022181704112917e+00,3.105274622046563793e-01,-4.938551008079311577e-01,0.000000000000000000e+00
-7.320656872320767672e-01,-9.071895549616219023e-01,-1.029247079062341141e+00,-1.051629025707231380e+00,8.741462719725885400e-01,-1.087572880816254361e+00,1.082136311601029188e+00,-2.991888739852084297e-02,0.000000000000000000e+00
-5.474137962994972684e-01,-8.998830469239008645e-01,-7.510240347337950872e-01,-1.049335284919223676e+00,8.480024247766979606e-01,-1.088652673567908513e+00,9.530885708050481631e-01,-1.075099107010173555e-01,0.000000000000000000e+00
-8.164220243517801290e-01,-9.106214489532779011e-01,-1.160330478117567843e+00,-1.051622985825140022e+00,8.218585775471759503e-01,-1.089732466319562665e+00,8.240408298430178524e-01,-1.851009341033524325e-01,0.000000000000000000e+00
-6.233837367130161677e-01,-9.480936666296396753e-01,-7.659410445723886518e-01,-1.050259042912367047e+00,7.105412890220756950e-01,-1.094326755390466310e+00,2.744253502059331717e-01,-5.155617947499107068e-01,0.000000000000000000e+00
-8.539538839215393695e-01,-9.156530077276232582e-01,-1.221731094420008379e+00,-1.054533947000949601e+00,5.991038582082819364e-01,-1.098926002935370683e+00,-2.757825154970880432e-01,-8.463775126606575272e-01,0.000000000000000000e+00
-4.375153359811695952e-01,-9.406745223322708904e-01,-6.515927781301399380e-01,-1.051140158682650538e+00,7.043673000903627468e-01,-1.094582058180075812e+00,2.446335277700310840e-01,-5.323737122814367062e-01,0.000000000000000000e+00
1.886566847399063995e+00,-8.820287923305031308e-01,9.293285016948067412e-01,6.930364949010628939e-01,2.022500317621420685e+00,-8.248809638412964995e-01,-2.270320356805724804e-01,-4.884723836861704083e-02,1.000000000000000000e+00
1.880420597737074484e+00,-8.863354857322682800e-01,9.358432628732925584e-01,6.930326850288538454e-01,2.028847147895842973e+00,-8.238571182558771522e-01,-2.237928090669539238e-01,-4.689707106289680433e-02,1.000000000000000000e+00
1.874274348075084973e+00,-8.906421791232359553e-01,9.423580242800352336e-01,6.930288750311095480e-01,2.035455182962348175e+00,-8.228247509074585464e-01,-2.192001254281116807e-01,-4.413397882921115539e-02,1.000000000000000000e+00
1.868128098413095461e+00,-8.949488725126611977e-01,9.488727854585211618e-01,6.930250651589004995e-01,2.060614838854426090e+00,-8.206812862590456836e-01,-8.429075561903576208e-02,3.910950733723912720e-02,1.000000000000000000e+00
1.708170380681349743e+00,-8.928542207868447322e-01,8.617937062346026078e-01,7.074053884565677519e-01,2.085774494746503560e+00,-8.185378216092447090e-01,5.061861435608949744e-02,1.223529934038506128e-01,1.000000000000000000e+00
1.571512265459847013e+00,-8.866525376887722798e-01,7.812271855117949304e-01,7.178763309405216120e-01,2.047389470601584716e+00,-8.193613363204460542e-01,-1.667554181856170659e-01,-8.344944586137608908e-03,1.000000000000000000e+00
1.434854150211541723e+00,-8.804508545922422602e-01,7.006606647889872530e-01,7.283472734244751390e-01,2.009004446456666315e+00,-8.201848510316473995e-01,-3.841294507273236847e-01,-1.390428825761258480e-01,1.000000000000000000e+00
1.687368302836935952e+00,-9.035070040984415352e-01,8.717379539137147804e-01,7.092136158967573545e-01,2.019665532764173488e+00,-8.186349700389139450e-01,-3.202440626103057464e-01,-9.850556063729584699e-02,1.000000000000000000e+00
1.533216623664104494e+00,-9.133918600540488208e-01,9.543125620141540422e-01,7.074241231005010677e-01,2.030575034282618763e+00,-8.170718637526970252e-01,-2.551160140681997812e-01,-5.721597108222307299e-02,1.000000000000000000e+00
1.532712702675284477e+00,-9.220914121617350689e-01,8.247930753080919830e-01,6.962978525936459606e-01,2.190514319872886251e+00,-8.097077599823704341e-01,5.068836345365643758e-01,4.009426307398692435e-01,1.000000000000000000e+00
1.733088295898949527e+00,-9.031710711205310771e-01,8.999086143527440518e-01,6.900182603828313166e-01,2.350258831999105791e+00,-8.023515543722964383e-01,1.267937456035532984e+00,8.585333971024896593e-01,1.000000000000000000e+00
1.933463889095811572e+00,-8.842507300793270852e-01,9.750241533973961205e-01,6.837386681720167836e-01,2.023458813969449821e+00,-8.147249730463701489e-01,-3.336875992909397737e-01,-1.023302708401425259e-01,1.000000000000000000e+00
1.858674172280547321e+00,-9.024184906402455963e-01,9.577516693073899745e-01,6.946885561200332182e-01,1.696658795939793629e+00,-8.270983917204437486e-01,-1.935312654451363468e+00,-1.063193938882613265e+00,1.000000000000000000e+00
1.889752463880997935e+00,-8.998722838590214046e-01,9.677535534068085754e-01,6.832116857291443690e-01,1.988704740527667214e+00,-8.139260449627678806e-01,-4.811251062234009335e-01,-1.867257374515797763e-01,1.000000000000000000e+00
1.891325796701088136e+00,-8.848548031854527318e-01,9.354808535115567425e-01,6.919639601992940703e-01,2.280998421439630608e+00,-8.007434717266441737e-01,9.742857443955005303e-01,6.904779844772789277e-01,1.000000000000000000e+00
2.254175180357526287e+00,-8.821768139820757026e-01,1.126744851065981212e+00,6.683108410417815115e-01,2.313791154623401347e+00,-7.986215707087505056e-01,1.108905606982956371e+00,7.714218442444976676e-01,1.000000000000000000e+00
1.972949361074899821e+00,-8.710990287778622720e-01,9.487264076177774896e-01,6.882122099766082579e-01,2.345984178315402957e+00,-7.965266997973737828e-01,1.240625408899399762e+00,8.506212309800288418e-01,1.000000000000000000e+00
2.035618407220977755e+00,-8.688774654466906444e-01,9.682985313974595831e-01,6.755814454263517899e-01,2.132257038731591337e+00,-8.042188532496722386e-01,1.980935403453133459e-01,2.259953264175527665e-01,1.000000000000000000e+00
1.872652498300177104e+00,-8.798238170317224105e-01,9.144710202964949630e-01,6.893685524518249341e-01,1.918529899181411702e+00,-8.119110067005826936e-01,-8.444383282087729592e-01,-3.986305782447618906e-01,1.000000000000000000e+00
1.463132272634304343e+00,-8.513953717650359909e-01,6.642415206029140817e-01,7.591867587324097055e-01,2.005717238973637517e+00,-8.075596646702571935e-01,-4.405079507822761142e-01,-1.557640922902739367e-01,1.000000000000000000e+00
1.884681793585171405e+00,-8.803497430555435876e-01,8.712720273891042533e-01,6.966815346818171495e-01,2.092904578799495319e+00,-8.032083226385435815e-01,-3.657757352182866573e-02,8.710239356437567138e-02,1.000000000000000000e+00
1.672858531928555381e+00,-8.881178285226238867e-01,8.304723036657611912e-01,6.958742034408331723e-01,2.245747949203527494e+00,-7.957866663160058085e-01,7.320030405417912167e-01,5.513406756019021415e-01,1.000000000000000000e+00
2.477386407479625241e+00,-8.825879258104327718e-01,1.214062060942024290e+00,6.456944670866329172e-01,2.398596329870524180e+00,-7.883618166240918823e-01,1.500631225919918377e+00,1.015612661237707437e+00,1.000000000000000000e+00
2.207474808241736586e+00,-8.852452189008951366e-01,1.092225496257605677e+00,6.683727782983583943e-01,2.155102478022196788e+00,-7.976490902162142183e-01,2.717980285942278584e-01,2.767665205732407485e-01,1.000000000000000000e+00
1.937563209003847930e+00,-8.879025119913575015e-01,9.703889315731870635e-01,6.910510893845486224e-01,1.911783295156922469e+00,-8.069290079235934554e-01,-9.561564376878788352e-01,-4.615504259453070413e-01,1.000000000000000000e+00
1.749177591579542002e+00,-8.642943152821314090e-01,8.483201695418964849e-01,7.100826873038252884e-01,2.104787683563101641e+00,-7.978339016731443856e-01,1.096128713657249648e-02,1.220607552789350764e-01,1.000000000000000000e+00
1.723244690508660248e+00,-8.734593018693506128e-01,8.465934966822225016e-01,7.101333460883314519e-01,2.297792071969280592e+00,-7.887387954240834276e-01,9.780790119610236477e-01,7.056719364033384734e-01,1.000000000000000000e+00
1.697311789464581055e+00,-8.826242884581123604e-01,8.448668240508051541e-01,7.101840047473023665e-01,2.070405655382793864e+00,-7.973567880324863300e-01,-1.711048461570495449e-01,1.471647075065025609e-02,1.000000000000000000e+00
1.671378888393699080e+00,-8.917892750453316753e-01,8.431401511911310598e-01,7.102346635318086410e-01,1.842850947973016407e+00,-8.059818715461712912e-01,-1.321135901715386973e+00,-6.767492293075458853e-01,1.000000000000000000e+00
1.755564471002291294e+00,-8.558311184778379932e-01,1.019999998209376368e+00,7.097715166910121276e-01,2.095763559754398653e+00,-7.944066652873944534e-01,-5.764096214088380160e-02,8.506368543705228324e-02,1.000000000000000000e+00
1.733088295898949527e+00,-9.031710711205310771e-01,8.999086143527440518e-01,6.900182603828313166e-01,2.350258831999105791e+00,-8.023515543722964383e-01,1.267937456035532984e+00,8.585333971024896593e-01,1.000000000000000000e+00
1.933463889095811572e+00,-8.842507300793270852e-01,9.750241533973961205e-01,6.837386681720167836e-01,2.023458813969449821e+00,-8.147249730463701489e-01,-3.336875992909397737e-01,-1.023302708401425259e-01,1.000000000000000000e+00
1.858674172280547321e+00,-9.024184906402455963e-01,9.577516693073899745e-01,6.946885561200332182e-01,1.696658795939793629e+00,-8.270983917204437486e-01,-1.935312654451363468e+00,-1.063193938882613265e+00,1.000000000000000000e+00
1.889752463880997935e+00,-8.998722838590214046e-01,9.677535534068085754e-01,6.832116857291443690e-01,1.988704740527667214e+00,-8.139260449627678806e-01,-4.811251062234009335e-01,-1.867257374515797763e-01,1.000000000000000000e+00
1.891325796701088136e+00,-8.848548031854527318e-01,9.354808535115567425e-01,6.919639601992940703e-01,2.280998421439630608e+00,-8.007434717266441737e-01,9.742857443955005303e-01,6.904779844772789277e-01,1.000000000000000000e+00
2.254175180357526287e+00,-8.821768139820757026e-01,1.126744851065981212e+00,6.683108410417815115e-01,2.313791154623401347e+00,-7.986215707087505056e-01,1.108905606982956371e+00,7.714218442444976676e-01,1.000000000000000000e+00
1.972949361074899821e+00,-8.710990287778622720e-01,9.487264076177774896e-01,6.882122099766082579e-01,2.345984178315402957e+00,-7.965266997973737828e-01,1.240625408899399762e+00,8.506212309800288418e-01,1.000000000000000000e+00
2.035618407220977755e+00,-8.688774654466906444e-01,9.682985313974595831e-01,6.755814454263517899e-01,2.132257038731591337e+00,-8.042188532496722386e-01,1.980935403453133459e-01,2.259953264175527665e-01,1.000000000000000000e+00
1.872652498300177104e+00,-8.798238170317224105e-01,9.144710202964949630e-01,6.893685524518249341e-01,1.918529899181411702e+00,-8.119110067005826936e-01,-8.444383282087729592e-01,-3.986305782447618906e-01,1.000000000000000000e+00
1.463132272634304343e+00,-8.513953717650359909e-01,6.642415206029140817e-01,7.591867587324097055e-01,2.005717238973637517e+00,-8.075596646702571935e-01,-4.405079507822761142e-01,-1.557640922902739367e-01,1.000000000000000000e+00
1.884681793585171405e+00,-8.803497430555435876e-01,8.712720273891042533e-01,6.966815346818171495e-01,2.092904578799495319e+00,-8.032083226385435815e-01,-3.657757352182866573e-02,8.710239356437567138e-02,1.000000000000000000e+00
1.672858531928555381e+00,-8.881178285226238867e-01,8.304723036657611912e-01,6.958742034408331723e-01,2.245747949203527494e+00,-7.957866663160058085e-01,7.320030405417912167e-01,5.513406756019021415e-01,1.000000000000000000e+00
2.477386407479625241e+00,-8.825879258104327718e-01,1.214062060942024290e+00,6.456944670866329172e-01,2.398596329870524180e+00,-7.883618166240918823e-01,1.500631225919918377e+00,1.015612661237707437e+00,1.000000000000000000e+00
2.207474808241736586e+00,-8.852452189008951366e-01,1.092225496257605677e+00,6.683727782983583943e-01,2.155102478022196788e+00,-7.976490902162142183e-01,2.717980285942278584e-01,2.767665205732407485e-01,1.000000000000000000e+00
1.937563209003847930e+00,-8.879025119913575015e-01,9.703889315731870635e-01,6.910510893845486224e-01,1.911783295156922469e+00,-8.069290079235934554e-01,-9.561564376878788352e-01,-4.615504259453070413e-01,1.000000000000000000e+00
1.749177591579542002e+00,-8.642943152821314090e-01,8.483201695418964849e-01,7.100826873038252884e-01,2.104787683563101641e+00,-7.978339016731443856e-01,1.096128713657249648e-02,1.220607552789350764e-01,1.000000000000000000e+00
1.723244690508660248e+00,-8.734593018693506128e-01,8.465934966822225016e-01,7.101333460883314519e-01,2.297792071969280592e+00,-7.887387954240834276e-01,9.780790119610236477e-01,7.056719364033384734e-01,1.000000000000000000e+00
1.697311789464581055e+00,-8.826242884581123604e-01,8.448668240508051541e-01,7.101840047473023665e-01,2.070405655382793864e+00,-7.973567880324863300e-01,-1.711048461570495449e-01,1.471647075065025609e-02,1.000000000000000000e+00
1.671378888393699080e+00,-8.917892750453316753e-01,8.431401511911310598e-01,7.102346635318086410e-01,1.842850947973016407e+00,-8.059818715461712912e-01,-1.321135901715386973e+00,-6.767492293075458853e-01,1.000000000000000000e+00
1.755564471002291294e+00,-8.558311184778379932e-01,1.019999998209376368e+00,7.097715166910121276e-01,2.095763559754398653e+00,-7.944066652873944534e-01,-5.764096214088380160e-02,8.506368543705228324e-02,1.000000000000000000e+00
2.008356980581241569e+00,-8.648255669229293341e-01,9.451110683305085081e-01,6.932734497706639631e-01,2.348295328323167563e+00,-7.828502056085121508e-01,1.203948882522799302e+00,8.457260496244075609e-01,1.000000000000000000e+00
2.141397365089030558e+00,-1.296527556958060989e+00,1.051550990748545189e+00,6.776148082067311451e-01,2.289443597095728755e+00,-7.845105276901520597e-01,8.870508733270576762e-01,6.551884961239955452e-01,1.000000000000000000e+00
1.730239278163847372e+00,-8.291860335580422126e-01,7.805993772650573481e-01,7.602437195191812380e-01,2.230591865901921267e+00,-7.861708497717918576e-01,5.701528641313160506e-01,4.646509425237448365e-01,1.000000000000000000e+00
1.823605149579451856e+00,-8.353476416705643004e-01,8.309305639600795823e-01,7.424230878935236255e-01,2.207756677513490473e+00,-7.859745622461691283e-01,4.727977700586204479e-01,4.082371461585462269e-01,1.000000000000000000e+00
1.916971021021859123e+00,-8.415092497815437333e-01,8.812617508833583413e-01,7.246024563934014839e-01,2.184921489091427915e+00,-7.857782747205463991e-01,3.754426759859248452e-01,3.518233498931863101e-01,1.000000000000000000e+00
2.010336892437463607e+00,-8.476708578940655991e-01,9.315929375783804645e-01,7.067818247677440935e-01,2.318917632448749266e+00,-7.794773360151473485e-01,1.010933425839984912e+00,7.339191262806775695e-01,1.000000000000000000e+00
2.103702764121095026e+00,-8.538324660235551145e-01,9.819241245016593345e-01,6.889611931420865920e-01,2.453380483911548282e+00,-7.731548230991510673e-01,1.648672581471543941e+00,1.117367623098715068e+00,1.000000000000000000e+00
2.024376966280431844e+00,-8.648431316033317051e-01,9.597292161637664965e-01,6.951186409678826728e-01,2.558681478231629836e+00,-7.676643006932867275e-01,2.184536156157954156e+00,1.441680804989536879e+00,1.000000000000000000e+00
1.911680412945801821e+00,-8.337813513931641163e-01,8.512021106202535270e-01,7.105608612276529401e-01,2.663898754967252369e+00,-7.621773828223463720e-01,2.719969635277053488e+00,1.765734539629677968e+00,1.000000000000000000e+00
1.800805283759675524e+00,-8.365715771493223984e-01,9.263338643377238002e-01,8.324420203435692889e-01,2.559989370156642519e+00,-7.656945993904735737e-01,2.181023179576537352e+00,1.441688518016884579e+00,1.000000000000000000e+00
1.488332263648698861e+00,-8.388416166478882552e-01,6.611951420119047684e-01,7.280593179376215751e-01,2.428177466703273168e+00,-7.610959810784388990e-01,1.417884204390526870e+00,9.913276463703746266e-01,1.000000000000000000e+00
1.824759881616801138e+00,-8.435567375316571637e-01,8.226747769109326036e-01,7.067459622067679970e-01,2.389740901977358334e+00,-7.615175007889422032e-01,1.245918832286160072e+00,8.900496135725805003e-01,1.000000000000000000e+00
2.161187499611705753e+00,-8.482718584154259611e-01,9.841544120382170746e-01,6.854326063503791699e-01,2.351332544081838893e+00,-7.619380100145264345e-01,1.074075412475943514e+00,7.888440581723773493e-01,1.000000000000000000e+00
1.757130346409140564e+00,-8.520102823182604812e-01,8.225066971057546361e-01,7.093358838085560558e-01,2.383384804826833570e+00,-7.598343273249655860e-01,1.206869198392641618e+00,8.686874221393516837e-01,1.000000000000000000e+00
1.878533624369779220e+00,-8.192035169752950319e-01,7.703453801914451615e-01,7.316046241543562312e-01,2.415437065571828690e+00,-7.577306446354045155e-01,1.339662984143290103e+00,9.485307860064868812e-01,1.000000000000000000e+00
1.620197958853316633e+00,-8.269927673474459784e-01,7.076890983203341090e-01,8.209460860295352269e-01,2.482559716602504185e+00,-7.537903934886276414e-01,1.689449765985088669e+00,1.160958573048993303e+00,1.000000000000000000e+00
2.195483250334552494e+00,-8.204048399323539131e-01,9.620271747426788478e-01,7.009944069357304519e-01,2.549696406997054243e+00,-7.498494071277461703e-01,2.039323414389852651e+00,1.373439436262602120e+00,1.000000000000000000e+00
1.883991714860561828e+00,-8.279976805065029088e-01,8.292071912361038688e-01,7.187897246099822501e-01,2.462335698149173080e+00,-7.526700850728789138e-01,1.582722650045890855e+00,1.098906984496050621e+00,1.000000000000000000e+00
1.572500180244256640e+00,-8.355905210605995004e-01,6.963872079577855256e-01,7.365850422842341594e-01,2.374912426276300614e+00,-7.554956879902823275e-01,1.125866750199254751e+00,8.242202825657564125e-01,1.000000000000000000e+00
1.266341602748696449e+00,-8.056378227029128425e-01,5.196601691463694772e-01,7.567266059048660676e-01,2.135539912921504691e+00,-7.642006565691039643e-01,-3.698770148779776529e-02,1.271596676832993378e-01,1.000000000000000000e+00
1.651585419967688262e+00,-8.264213696321061065e-01,7.153644157410002924e-01,7.271779110508711508e-01,1.896167399566708323e+00,-7.729056251479256012e-01,-1.199842153174850434e+00,-5.699009471991578479e-01,1.000000000000000000e+00
1.946843785162226448e+00,-8.165339311117127963e-01,8.364094806089994449e-01,7.105105540676500686e-01,2.098423838640806061e+00,-7.637738166422589625e-01,-2.262937735931908889e-01,1.545308178498076834e-02,1.000000000000000000e+00
1.686959888086143167e+00,-8.470733647669078659e-01,7.709765709745579620e-01,7.834092582638718660e-01,2.300680277714904243e+00,-7.546420081365922128e-01,7.472546061545178864e-01,6.008071108689579942e-01,1.000000000000000000e+00
1.941891056142797112e+00,-8.391568724794090661e-01,8.707663702710646270e-01,7.338653466357176747e-01,2.314332828874658521e+00,-7.528984652072012729e-01,8.342039877316053120e-01,6.551985014445009803e-01,1.000000000000000000e+00
2.196822224896320730e+00,-8.312403801687727745e-01,9.705561700240847856e-01,6.843214348820280124e-01,2.327824172961197924e+00,-7.511584266670608967e-01,9.203946778367051440e-01,7.091387982788124322e-01,1.000000000000000000e+00
2.024093618053825594e+00,-8.327142336189649052e-01,7.946782384607908867e-01,7.515173957157109674e-01,2.301373201471744956e+00,-7.514649684756091741e-01,7.649577759631918106e-01,6.156810732466262426e-01,1.000000000000000000e+00
2.269756842879924630e+00,-8.173118300596159402e-01,9.768248311952258955e-01,7.052198532364598593e-01,2.275039967311130784e+00,-7.517666483092982910e-01,6.101020994801197306e-01,5.225728148956813035e-01,1.000000000000000000e+00
2.036779273048662020e+00,-8.251110630062488127e-01,9.019882860059860175e-01,7.552787452496824150e-01,2.542814936480361165e+00,-7.399231048807893840e-01,1.907149216412810544e+00,1.302433139870038614e+00,1.000000000000000000e+00
1.803801703190596628e+00,-8.329102959528815742e-01,8.271517408167461394e-01,8.053376371373697218e-01,2.810589905649591547e+00,-7.280795614536686999e-01,3.204196333345501468e+00,2.082293464844396258e+00,1.000000000000000000e+00
1.695829109643202992e+00,-8.050739561911409714e-01,7.206242851411062134e-01,7.294279602660638240e-01,2.480534181885730938e+00,-7.405209980194218389e-01,1.595146017496636315e+00,1.116950584087950782e+00,1.000000000000000000e+00
1.803448705124770957e+00,-8.458750320654581101e-01,8.230500341588252722e-01,7.320457541040688021e-01,2.150239134600192781e+00,-7.529721563458640077e-01,-1.506766688791287556e-02,1.509090637938817481e-01,1.000000000000000000e+00
1.702117243993648721e+00,-8.353006536349861788e-01,7.596167538491515048e-01,7.328894508006238429e-01,2.291948348978209982e+00,-7.463267385947910393e-01,6.597183732686927593e-01,5.566322973780432060e-01,1.000000000000000000e+00
1.600785783157355979e+00,-8.247262752338216929e-01,6.961834735394778484e-01,7.337331474971791057e-01,2.433757829791330263e+00,-7.396795578850916542e-01,1.335051418865907058e+00,9.626835759841775308e-01,1.000000000000000000e+00
1.499454322321063238e+00,-8.141518968326573180e-01,6.327501934580608278e-01,7.345768441937341464e-01,2.489234704555414623e+00,-7.362042884634195650e-01,1.630130152046112890e+00,1.142213621705361559e+00,1.000000000000000000e+00
1.941255204332767770e+00,-8.156176776294158381e-01,8.343063014806455513e-01,7.708071035955240680e-01,2.544711579319498540e+00,-7.327290190417475868e-01,1.925208885226319167e+00,1.321743667326706895e+00,1.000000000000000000e+00
2.083201185797904920e+00,-8.252590789876077526e-01,9.165704802098073589e-01,7.090092523880917597e-01,2.403886786043988533e+00,-7.377458591989393133e-01,1.205255759548182759e+00,8.888658857659059720e-01,1.000000000000000000e+00
1.839734941409562730e+00,-7.915412939730732678e-01,7.537110724532966044e-01,7.307180881444481635e-01,2.263061992734847205e+00,-7.427626993547428169e-01,4.853026340360953594e-01,4.559881042051049937e-01,1.000000000000000000e+00
1.954345555824816616e+00,-8.240272800363197536e-01,8.552844752599969569e-01,8.190553688114932118e-01,2.239576653790529281e+00,-7.425417394171031082e-01,3.910750239936903183e-01,4.014414744651218503e-01,1.000000000000000000e+00
2.291391785001843928e+00,-8.096497334646182154e-01,8.660328439827597036e-01,7.093543477982837686e-01,2.216050966313211745e+00,-7.423192623861968320e-01,2.966907224709601221e-01,3.468056992812637018e-01,1.000000000000000000e+00
2.069992376542066470e+00,-8.133282996530871722e-01,9.044755326352196256e-01,7.516772599571460711e-01,2.135340158084010120e+00,-7.448503921799933813e-01,-1.263490592494611042e-01,9.244952567535978660e-02,1.000000000000000000e+00
1.651585419967688262e+00,-8.264213696321061065e-01,7.153644157410002924e-01,7.271779110508711508e-01,1.896167399566708323e+00,-7.729056251479256012e-01,-1.199842153174850434e+00,-5.699009471991578479e-01,1.000000000000000000e+00
1.946843785162226448e+00,-8.165339311117127963e-01,8.364094806089994449e-01,7.105105540676500686e-01,2.098423838640806061e+00,-7.637738166422589625e-01,-2.262937735931908889e-01,1.545308178498076834e-02,1.000000000000000000e+00
1.686959888086143167e+00,-8.470733647669078659e-01,7.709765709745579620e-01,7.834092582638718660e-01,2.300680277714904243e+00,-7.546420081365922128e-01,7.472546061545178864e-01,6.008071108689579942e-01,1.000000000000000000e+00
1.941891056142797112e+00,-8.391568724794090661e-01,8.707663702710646270e-01,7.338653466357176747e-01,2.314332828874658521e+00,-7.528984652072012729e-01,8.342039877316053120e-01,6.551985014445009803e-01,1.000000000000000000e+00
2.196822224896320730e+00,-8.312403801687727745e-01,9.705561700240847856e-01,6.843214348820280124e-01,2.327824172961197924e+00,-7.511584266670608967e-01,9.203946778367051440e-01,7.091387982788124322e-01,1.000000000000000000e+00
2.024093618053825594e+00,-8.327142336189649052e-01,7.946782384607908867e-01,7.515173957157109674e-01,2.301373201471744956e+00,-7.514649684756091741e-01,7.649577759631918106e-01,6.156810732466262426e-01,1.000000000000000000e+00
2.269756842879924630e+00,-8.173118300596159402e-01,9.768248311952258955e-01,7.052198532364598593e-01,2.275039967311130784e+00,-7.517666483092982910e-01,6.101020994801197306e-01,5.225728148956813035e-01,1.000000000000000000e+00
2.036779273048662020e+00,-8.251110630062488127e-01,9.019882860059860175e-01,7.552787452496824150e-01,2.542814936480361165e+00,-7.399231048807893840e-01,1.907149216412810544e+00,1.302433139870038614e+00,1.000000000000000000e+00
1.803801703190596628e+00,-8.329102959528815742e-01,8.271517408167461394e-01,8.053376371373697218e-01,2.810589905649591547e+00,-7.280795614536686999e-01,3.204196333345501468e+00,2.082293464844396258e+00,1.000000000000000000e+00
1.695829109643202992e+00,-8.050739561911409714e-01,7.206242851411062134e-01,7.294279602660638240e-01,2.480534181885730938e+00,-7.405209980194218389e-01,1.595146017496636315e+00,1.116950584087950782e+00,1.000000000000000000e+00
1.803448705124770957e+00,-8.458750320654581101e-01,8.230500341588252722e-01,7.320457541040688021e-01,2.150239134600192781e+00,-7.529721563458640077e-01,-1.506766688791287556e-02,1.509090637938817481e-01,1.000000000000000000e+00
1.702117243993648721e+00,-8.353006536349861788e-01,7.596167538491515048e-01,7.328894508006238429e-01,2.291948348978209982e+00,-7.463267385947910393e-01,6.597183732686927593e-01,5.566322973780432060e-01,1.000000000000000000e+00
1.600785783157355979e+00,-8.247262752338216929e-01,6.961834735394778484e-01,7.337331474971791057e-01,2.433757829791330263e+00,-7.396795578850916542e-01,1.335051418865907058e+00,9.626835759841775308e-01,1.000000000000000000e+00
1.499454322321063238e+00,-8.141518968326573180e-01,6.327501934580608278e-01,7.345768441937341464e-01,2.489234704555414623e+00,-7.362042884634195650e-01,1.630130152046112890e+00,1.142213621705361559e+00,1.000000000000000000e+00
1.941255204332767770e+00,-8.156176776294158381e-01,8.343063014806455513e-01,7.708071035955240680e-01,2.544711579319498540e+00,-7.327290190417475868e-01,1.925208885226319167e+00,1.321743667326706895e+00,1.000000000000000000e+00
2.083201185797904920e+00,-8.252590789876077526e-01,9.165704802098073589e-01,7.090092523880917597e-01,2.403886786043988533e+00,-7.377458591989393133e-01,1.205255759548182759e+00,8.888658857659059720e-01,1.000000000000000000e+00
1.839734941409562730e+00,-7.915412939730732678e-01,7.537110724532966044e-01,7.307180881444481635e-01,2.263061992734847205e+00,-7.427626993547428169e-01,4.853026340360953594e-01,4.559881042051049937e-01,1.000000000000000000e+00
1.954345555824816616e+00,-8.240272800363197536e-01,8.552844752599969569e-01,8.190553688114932118e-01,2.239576653790529281e+00,-7.425417394171031082e-01,3.910750239936903183e-01,4.014414744651218503e-01,1.000000000000000000e+00
2.291391785001843928e+00,-8.096497334646182154e-01,8.660328439827597036e-01,7.093543477982837686e-01,2.216050966313211745e+00,-7.423192623861968320e-01,2.966907224709601221e-01,3.468056992812637018e-01,1.000000000000000000e+00
2.069992376542066470e+00,-8.133282996530871722e-01,9.044755326352196256e-01,7.516772599571460711e-01,2.135340158084010120e+00,-7.448503921799933813e-01,-1.263490592494611042e-01,9.244952567535978660e-02,1.000000000000000000e+00
1.848592968055486896e+00,-8.170068658430985620e-01,9.429182212876795477e-01,7.940001721160084847e-01,2.054805450399220579e+00,-7.473742511113993237e-01,-5.485194442249057278e-01,-1.613838865822189717e-01,1.000000000000000000e+00
2.031438187509909010e+00,-8.258143015981521673e-01,9.308458779763515434e-01,7.494927388115610878e-01,2.414170433494436274e+00,-7.317354756262377524e-01,1.201065575567805688e+00,8.906421040626713026e-01,1.000000000000000000e+00
2.214283406937527676e+00,-8.346217373547482055e-01,9.187735344367669033e-01,7.049853053815785531e-01,2.773535416589652414e+00,-7.160967001410761812e-01,2.950650595194467485e+00,1.942668094607723051e+00,1.000000000000000000e+00
1.891618630069901386e+00,-8.227687764229574263e-01,7.969548591447417341e-01,7.185278913966253178e-01,2.767147545678175113e+00,-7.151831197629088255e-01,2.942259202718691569e+00,1.939730968502313191e+00,1.000000000000000000e+00
1.568953853229077655e+00,-8.109158154927091910e-01,6.751361840809732007e-01,7.320704774116724156e-01,2.760613256637764579e+00,-7.142754341734542933e-01,2.933164057363348398e+00,1.936371519830119681e+00,1.000000000000000000e+00
1.835491906244521410e+00,-7.973838432992187419e-01,7.628592846266503136e-01,7.289630188974992597e-01,2.350691414017181291e+00,-7.304004922571231129e-01,8.852204953137317034e-01,7.050310180254570902e-01,1.000000000000000000e+00
2.102029958536293375e+00,-7.838518711442906683e-01,8.505823847158140438e-01,7.258555603833261038e-01,1.941944374795923967e+00,-7.464794302252081293e-01,-1.156873787145639154e+00,-5.227934009983209451e-01,1.000000000000000000e+00
1.178432845429519871e+00,-7.782573739515104005e-01,4.516521792392438339e-01,7.639364931108848511e-01,2.172283103606612364e+00,-7.357919477050662849e-01,4.178830246668260168e-03,1.774067908085348588e-01,1.000000000000000000e+00
2.101331524267875839e+00,-8.260287966209799437e-01,9.229964025022355800e-01,7.071474995637754279e-01,2.402621832417300762e+00,-7.251044651849244405e-01,1.165231447638975570e+00,8.776069826153908293e-01,1.000000000000000000e+00
1.631149620401330713e+00,-8.258006910818996849e-01,7.116940325732824535e-01,7.330941911663974020e-01,2.294938937795352185e+00,-7.287500322811456543e-01,6.095638322209233628e-01,5.435072251891258643e-01,1.000000000000000000e+00
1.848592968055486896e+00,-8.170068658430985620e-01,9.429182212876795477e-01,7.940001721160084847e-01,2.054805450399220579e+00,-7.473742511113993237e-01,-5.485194442249057278e-01,-1.613838865822189717e-01,1.000000000000000000e+00
2.031438187509909010e+00,-8.258143015981521673e-01,9.308458779763515434e-01,7.494927388115610878e-01,2.414170433494436274e+00,-7.317354756262377524e-01,1.201065575567805688e+00,8.906421040626713026e-01,1.000000000000000000e+00
2.214283406937527676e+00,-8.346217373547482055e-01,9.187735344367669033e-01,7.049853053815785531e-01,2.773535416589652414e+00,-7.160967001410761812e-01,2.950650595194467485e+00,1.942668094607723051e+00,1.000000000000000000e+00
1.891618630069901386e+00,-8.227687764229574263e-01,7.969548591447417341e-01,7.185278913966253178e-01,2.767147545678175113e+00,-7.151831197629088255e-01,2.942259202718691569e+00,1.939730968502313191e+00,1.000000000000000000e+00
1.568953853229077655e+00,-8.109158154927091910e-01,6.751361840809732007e-01,7.320704774116724156e-01,2.760613256637764579e+00,-7.142754341734542933e-01,2.933164057363348398e+00,1.936371519830119681e+00,1.000000000000000000e+00
1.835491906244521410e+00,-7.973838432992187419e-01,7.628592846266503136e-01,7.289630188974992597e-01,2.350691414017181291e+00,-7.304004922571231129e-01,8.852204953137317034e-01,7.050310180254570902e-01,1.000000000000000000e+00
2.102029958536293375e+00,-7.838518711442906683e-01,8.505823847158140438e-01,7.258555603833261038e-01,1.941944374795923967e+00,-7.464794302252081293e-01,-1.156873787145639154e+00,-5.227934009983209451e-01,1.000000000000000000e+00
1.178432845429519871e+00,-7.782573739515104005e-01,4.516521792392438339e-01,7.639364931108848511e-01,2.172283103606612364e+00,-7.357919477050662849e-01,4.178830246668260168e-03,1.774067908085348588e-01,1.000000000000000000e+00
2.101331524267875839e+00,-8.260287966209799437e-01,9.229964025022355800e-01,7.071474995637754279e-01,2.402621832417300762e+00,-7.251044651849244405e-01,1.165231447638975570e+00,8.776069826153908293e-01,1.000000000000000000e+00
1.631149620401330713e+00,-8.258006910818996849e-01,7.116940325732824535e-01,7.330941911663974020e-01,2.294938937795352185e+00,-7.287500322811456543e-01,6.095638322209233628e-01,5.435072251891258643e-01,1.000000000000000000e+00
2.258079187516015107e+00,-8.085597970373297194e-01,8.730734175761658555e-01,7.095225916495850882e-01,2.187256043173403164e+00,-7.323955993773668682e-01,5.389621696892059333e-02,2.094074678626994257e-01,1.000000000000000000e+00
2.132057832605077863e+00,-8.072982953926383098e-01,8.596552813009095129e-01,7.199567901889000199e-01,2.257897829223223241e+00,-7.286767062259740246e-01,3.785414462630922183e-01,4.046031016323133334e-01,1.000000000000000000e+00
2.006036477345705560e+00,-8.060367937433193797e-01,8.462371450256530592e-01,7.303909887282151736e-01,2.329018536817260898e+00,-7.249353206875404076e-01,7.055417016274970754e-01,6.012172428490064613e-01,1.000000000000000000e+00
1.589853304787339772e+00,-8.016100415286386838e-01,6.609520084289296493e-01,7.469888910217477029e-01,2.514602580485382877e+00,-7.160791151391122655e-01,1.646133878409579809e+00,1.168862334861971108e+00,1.000000000000000000e+00
1.735197264204770162e+00,-7.954224347018008512e-01,7.219784891370134572e-01,7.399608486685332887e-01,2.700039582058074483e+00,-7.072291352157498157e-01,2.585980759419527875e+00,1.736058468780174113e+00,1.000000000000000000e+00
1.880541223622200553e+00,-7.892348278734208078e-01,7.830049696168405182e-01,7.329328064408541232e-01,2.518165094578193486e+00,-7.139307855841785511e-01,1.664076722533111230e+00,1.181756028710279516e+00,1.000000000000000000e+00
2.025885183039630721e+00,-7.830472210465829752e-01,8.440314503249242151e-01,7.259047640876394869e-01,2.336290607064680280e+00,-7.206324359539955093e-01,7.421726856466948075e-01,6.274535886403846963e-01,1.000000000000000000e+00
1.960650785854346267e+00,-7.845989522547330841e-01,8.123277298429835147e-01,7.273836029745656129e-01,2.147321091061244136e+00,-7.272307601514966802e-01,-1.659483314622078598e-01,8.354224364398164793e-02,1.000000000000000000e+00
1.895416388669061813e+00,-7.861506834613405381e-01,7.806240091327859565e-01,7.288624417359563790e-01,1.958348734770927191e+00,-7.338290429850842234e-01,-1.074063830750946247e+00,-4.603649416789841742e-01,1.000000000000000000e+00
1.830181991322961332e+00,-7.877024146725755127e-01,7.489202884225885093e-01,7.303412806228826160e-01,2.109658777077454417e+00,-7.267748576659548432e-01,-3.507303213944492626e-01,-2.545214961147796232e-02,1.000000000000000000e+00
1.764947594137676656e+00,-7.892541458807253996e-01,7.172165679406476979e-01,7.318201195098085199e-01,2.260912122175433581e+00,-7.197257453485765843e-01,3.723313402556940321e-01,4.092946649564326300e-01,1.000000000000000000e+00
2.029859907453550605e+00,-7.981196502404309667e-01,8.414437374121729318e-01,7.169731790722460030e-01,2.360495060350052299e+00,-7.148094047129945894e-01,8.402846619175742271e-01,6.906554765567729515e-01,1.000000000000000000e+00
2.294772220769424109e+00,-8.069851546016788557e-01,9.656709066554415299e-01,7.021262386346835971e-01,2.460077998524671017e+00,-7.098930640774125944e-01,1.308237983579454422e+00,9.720162881571137170e-01,1.000000000000000000e+00
2.295843078872603638e+00,-8.145787270375113298e-01,9.857748889141176862e-01,6.939404952627404866e-01,2.395301982539962626e+00,-7.113591249057998889e-01,1.014120841068741008e+00,7.972791942058987669e-01,1.000000000000000000e+00
1.939341325054634080e+00,-8.096459970437644982e-01,8.274157290752006677e-01,7.271569048448559558e-01,2.330525966555254236e+00,-7.128251857341872944e-01,7.200036983919785305e-01,6.225421002546842608e-01,1.000000000000000000e+00
1.801270466103455314e+00,-7.996830235739494919e-01,7.527508888644105500e-01,7.305294097750965054e-01,2.210510960166046868e+00,-7.169699172099411877e-01,1.039605762782932763e-01,2.521427525000227154e-01,1.000000000000000000e+00
1.663199606777039374e+00,-7.897200500748269292e-01,6.780860486536202103e-01,7.339019148308720819e-01,2.090266708627388059e+00,-7.211221664434137590e-01,-5.133196869458714895e-01,-1.190021198749068865e-01,1.000000000000000000e+00
1.525128747825861053e+00,-7.797570766034691570e-01,6.034212084428300926e-01,7.372744198866479914e-01,2.096240069007080375e+00,-7.200680747241878787e-01,-5.073341225111442920e-01,-1.154032496686648590e-01,1.000000000000000000e+00
1.387057888874682510e+00,-7.697941031336540396e-01,5.287563682320398639e-01,7.406469248168883190e-01,2.102196509176345263e+00,-7.190145187689066519e-01,-5.014120882286668968e-01,-1.118417364528410396e-01,1.000000000000000000e+00
1.800204703830529995e+00,-7.784319962947887639e-01,7.154352992684717139e-01,7.335005106668667230e-01,2.065886214729060644e+00,-7.192992970026136357e-01,-6.541887463824238580e-01,-2.015982379931669788e-01,1.000000000000000000e+00
